This folder: /home/daniella/Desktop/Tasks/4.Huge/Desktop/Tell.ie

folderstamp version: r5
Method: Non-recursive

  File: ./daniella-1688409288490.zip
  Size: 645393    	Blocks: 1264       IO Block: 4096   regular file
Device: 8,70	Inode: 9249977     Links: 1
Access: (0664/-rw-rw-r--)  Uid: ( 1000/daniella)   Gid: ( 1000/daniella)
Access: 2024-03-24 16:58:43.787257750 -0300
Modify: 2023-07-03 15:34:52.269892701 -0300
Change: 2023-07-05 18:36:12.346955797 -0300
 Birth: 2023-07-03 15:34:52.261892734 -0300
IPFS hash: QmVjfwjXjHSsTYoKmBmBssZceB32JapaBwmix2M6F2RVK3
------------------------------
  File: ./Daniella Mesquita.html
  Size: 55639     	Blocks: 112        IO Block: 4096   regular file
Device: 8,70	Inode: 9249890     Links: 1
Access: (0664/-rw-rw-r--)  Uid: ( 1000/daniella)   Gid: ( 1000/daniella)
Access: 2024-05-20 13:26:42.219963480 -0300
Modify: 2023-07-03 15:34:07.594076991 -0300
Change: 2023-07-05 18:36:12.346955797 -0300
 Birth: 2023-07-03 15:34:07.586077024 -0300
IPFS hash: QmZLa6Tq8imJH3bmRbCv47SmSCxeNu1ed1oEAWnZi91PrY
------------------------------